camera_matrix:
- - 3.161247069988320e+02
  - 0.0
  - 3.083190701912445e+02
- - 0.0
  - 3.149837342137257e+02
  - 2.255239607616368e+02
- - 0.0
  - 0.0
  - 1.0
dist_coeff:
- - -0.024698782543369
  - 0.010883797338623
  - 0
  - 0
  - -0.038810546791044



